# image_width: 640
# image_height: 480
# camera_matrix:
#   rows: 3
#   cols: 3
#   data: [1332.2905012603742, 0.0, 1001.619419558725, 0.0, 1313.963171950812, 491.9312293181554, 0.0, 0.0, 1.0]
# distortion_model: plumb_bob
# distortion_coefficients:
#   rows: 1
#   cols: 5
#   data: [-0.5176939966889225, 0.17338115766870202, 0.023434654253362403, -0.008230427613718875, 0.0]
# rectification_matrix:
#   rows: 3
#   cols: 3
#   data: [1.0, 0.0, 0.0, 0.0, 1.0, 0.0, 0.0, 0.0, 1.0]
# projection_matrix:
#   rows: 3
#   cols: 4
#   data: [862.3757981998015, 0.0, 958.1924244615784, 0.0, 0.0, 1187.5335378689128, 503.67812178921946, 0.0, 0.0, 0.0, 1.0, 0.0]

image_width: 640
image_height: 480
camera_matrix:
  rows: 3
  cols: 3
  data: [473.038691, 0.000000, 317.673478, 0.000000, 471.938578, 218.226009, 0.000000, 0.000000, 1.000000]
distortion_model: plumb_bob
distortion_coefficients:
  rows: 1
  cols: 5
  data: [-0.394265, 0.142372, -0.000258, -0.000594, 0.000000]
rectification_matrix:
  rows: 3
  cols: 3
  data: [1.0, 0.0, 0.0, 0.0, 1.0, 0.0, 0.0, 0.0, 1.0]
projection_matrix:
  rows: 3
  cols: 4
  data: [371.165253, 0.000000, 315.035311, 0.000000, 0.000000, 415.007721, 211.425023, 0.000000, 0.000000, 0.000000, 1.000000, 0.000000]
