# image_width: 1920
# image_height: 1080
# camera_matrix:
#   rows: 3
#   cols: 3
#   data: [1146.0608159772614, 0.0, 965.2994388517965, 0.0, 1157.0106764441944, 519.89693424472, 0.0, 0.0, 1.0]
# distortion_model: plumb_bob
# distortion_coefficients:
#   rows: 1
#   cols: 5
#   data: [-0.364508104095656, 0.08990419212220518, 0.003318275837386421, -0.0028668148198118704, 0.0]
# rectification_matrix:
#   rows: 3
#   cols: 3
#   data: [1.0, 0.0, 0.0, 0.0, 1.0, 0.0, 0.0, 0.0, 1.0]
# projection_matrix:
#   rows: 3
#   cols: 4
#   data: [736.6832083649034, 0.0, 945.5934078691113, 0.0, 0.0, 1053.7169025418348, 519.2116678406908, 0.0, 0.0, 0.0, 1.0, 0.0]

image_width: 640
image_height: 480
camera_matrix:
  rows: 3
  cols: 3
  data: [472.455942, 0.000000, 318.110380, 0.000000, 471.581966, 245.111149, 0.000000, 0.000000, 1.000000]
distortion_model: plumb_bob
distortion_coefficients:
  rows: 1
  cols: 5
  data: [-0.388655, 0.131389, -0.000161, 0.000249, 0.000000]
rectification_matrix:
  rows: 3
  cols: 3
  data: [1.0, 0.0, 0.0, 0.0, 1.0, 0.0, 0.0, 0.0, 1.0]
projection_matrix:
  rows: 3
  cols: 4
  data: [369.678864, 0.000000, 316.939676, 0.000000, 0.000000, 416.918884, 245.978652, 0.000000, 0.000000, 0.000000, 1.000000, 0.000000]

